0.0,0.0,0.0,0.95,0.63,0.76,0.22,0.53,0.32,0.36,0.53,0.43,1.0,0.45,0.62,0.76,0.56,0.61,
0.96,0.69,0.8,0.17,0.31,0.22,0.38,0.71,0.49,1.0,0.47,0.64,0.77,0.59,0.64,
0.95,0.54,0.69,0.15,0.33,0.21,0.36,0.66,0.46,0.71,0.38,0.5,0.69,0.49,0.54,
0.95,0.46,0.62,0.17,0.42,0.24,0.4,0.62,0.49,0.84,0.62,0.71,0.72,0.52,0.57,
0.98,0.51,0.67,0.19,0.56,0.28,0.42,0.4,0.41,0.8,0.7,0.75,0.73,0.54,0.59,
0.89,0.45,0.59,0.16,0.58,0.25,0.46,0.36,0.4,0.96,0.62,0.75,0.73,0.49,0.55,
0.87,0.75,0.8,0.22,0.62,0.33,0.22,0.29,0.25,0.0,0.0,0.0,0.47,0.48,0.46,
0.83,0.54,0.66,0.15,0.47,0.22,0.35,0.33,0.34,0.97,0.49,0.65,0.69,0.48,0.54,
0.85,0.61,0.71,0.13,0.36,0.2,0.36,0.26,0.3,0.79,0.64,0.71,0.66,0.52,0.57,
0.93,0.6,0.73,0.18,0.51,0.27,0.3,0.17,0.22,0.72,0.71,0.72,0.67,0.54,0.58,
